RA(hms),DEC(dms),Redshift,RAh,RAm,RAs,DECd,DECm,DECs,ra,dec
00:01:21.63,+26:50:09.17,5.75,0,1,21.63,26,50,9.17,0.340125,26.835880555555555
00:02:39.39,+25:50:34.96,5.82,0,2,39.39,25,50,34.96,0.6641250000000001,25.843044444444445
00:05:52.34,-00:06:55.80,5.85,0,5,52.34,0,6,55.8,1.4680833333333334,-0.1155
00:08:25.77,-06:26:04.42,5.93,0,8,25.77,-6,26,4.42,2.1073749999999998,-6.434561111111111
00:09:30.89,+32:52:12.94,6.1,0,9,30.89,32,52,12.94,2.3787083333333334,32.87026111111111
00:17:34.47,+17:05:10.70,5.8,0,17,34.47,17,5,10.7,4.393625,17.086305555555555
00:19:15.38,-24:17:56.98,5.68,0,19,15.38,-24,17,56.98,4.8140833333333335,-24.29916111111111
00:28:06.56,+04:57:25.64,6.0,0,28,6.56,4,57,25.64,7.027333333333334,4.957122222222222
00:33:11.40,-01:25:24.90,6.13,0,33,11.4,-1,25,24.9,8.297500000000001,-1.4235833333333334
00:37:25.76,-08:07:08.46,5.72,0,37,25.76,-8,7,8.46,9.357333333333335,-8.119016666666667
00:38:36.10,-15:27:23.60,7.021,0,38,36.1,-15,27,23.6,9.650416666666665,-15.456555555555555
00:38:56.52,-10:25:53.90,5.95,0,38,56.52,-10,25,53.9,9.7355,-10.43163888888889
00:45:33.58,+09:19:30.00,6.42,0,45,33.58,9,19,30.0,11.389916666666668,9.325
00:50:06.67,+34:45:21.65,6.252999999999999,0,50,6.67,34,45,21.65,12.527791666666667,34.75601388888889
00:55:02.91,+01:46:18.30,6.006,0,55,2.91,1,46,18.3,13.762125,1.77175
01:00:13.02,+28:02:25.92,6.3258,1,0,13.02,28,2,25.92,15.05425,28.040533333333336
01:02:50.64,-02:18:09.90,5.95,1,2,50.64,-2,18,9.9,15.711000000000002,-2.3027499999999996
01:09:53.13,-30:47:26.31,6.7909,1,9,53.13,-30,47,26.31,17.471375000000002,-30.79064166666667
01:25:41.12,-25:52:56.24,5.79,1,25,41.12,-25,52,56.24,21.421333333333333,-25.88228888888889
01:29:58.51,-00:35:39.70,5.7787,1,29,58.51,0,35,39.7,22.493791666666667,-0.5943611111111111
01:32:01.70,-02:16:03.11,5.9,1,32,1.7,-2,16,3.11,23.00708333333333,-2.2675305555555556
01:36:03.17,+02:26:05.70,6.21,1,36,3.17,2,26,5.7,24.013208333333335,2.434916666666667
01:40:57.03,-11:40:59.48,5.85,1,40,57.03,-11,40,59.48,25.237624999999998,-11.683188888888889
01:42:43.73,-33:27:45.47,6.31,1,42,43.73,-33,27,45.47,25.682208333333335,-33.462630555555556
01:48:37.64,+06:00:20.06,5.98,1,48,37.64,6,0,20.06,27.156833333333335,6.005572222222222
01:58:04.14,-29:05:19.25,5.99,1,58,4.14,-29,5,19.25,29.51725,-29.088680555555555
01:59:57.97,-36:33:56.60,6.02,1,59,57.97,-36,33,56.6,29.991541666666667,-36.56572222222222
02:03:32.38,+00:12:29.27,5.72,2,3,32.38,0,12,29.27,30.884916666666662,0.20813055555555557
02:10:13.19,-04:56:20.90,6.4323,2,10,13.19,-4,56,20.9,32.55495833333333,-4.939138888888889
02:11:44.53,-02:03:03.90,6.37,2,11,44.53,-2,3,3.9,32.935541666666666,-2.051083333333333
02:13:16.94,-06:26:15.20,6.72,2,13,16.94,-6,26,15.2,33.32058333333334,-6.437555555555556
02:16:27.81,-04:55:34.10,6.01,2,16,27.81,-4,55,34.1,34.115875,-4.9261388888888895
02:16:38.85,-52:26:20.60,6.41,2,16,38.85,-52,26,20.6,34.161874999999995,-52.439055555555555
02:20:29.72,-04:32:04.00,5.9,2,20,29.72,-4,32,4.0,35.12383333333334,-4.5344444444444445
02:21:22.71,-08:02:51.50,6.1610000000000005,2,21,22.71,-8,2,51.5,35.344625,-8.047638888888889
02:26:01.87,+03:02:59.42,6.5412,2,26,1.87,3,2,59.42,36.50779166666667,3.049838888888889
02:27:43.29,-06:05:30.20,6.2,2,27,43.29,-6,5,30.2,36.930375000000005,-6.091722222222222
02:31:52.96,-28:50:20.08,6.0,2,31,52.96,-28,50,20.08,37.970666666666666,-28.83891111111111
02:39:30.24,-00:45:05.40,5.82,2,39,30.24,0,45,5.4,39.876,-0.7515
02:40:03.82,+17:32:44.91,5.68,2,40,3.82,17,32,44.91,40.01591666666666,17.545808333333333
02:46:55.90,-52:19:49.90,6.87,2,46,55.9,-52,19,49.9,41.73291666666667,-52.33052777777778
02:50:40.58,-02:55:02.82,5.89,2,50,40.58,-2,55,2.82,42.66908333333334,-2.9174499999999997
02:52:16.64,-05:03:31.80,7.02,2,52,16.64,-5,3,31.8,43.06933333333333,-5.058833333333333
03:00:44.18,-22:32:27.19,5.68,3,0,44.18,-22,32,27.19,45.184083333333334,-22.540886111111114
03:03:31.40,-00:19:12.90,6.077999999999999,3,3,31.4,0,19,12.9,45.88083333333333,-0.32025
03:05:16.92,-31:50:55.90,6.6145,3,5,16.92,-31,50,55.9,46.3205,-31.84886111111111
03:16:49.87,-13:40:32.30,5.99,3,16,49.87,-13,40,32.3,49.207791666666665,-13.675638888888889
03:17:10.42,-26:33:15.71,5.94,3,17,10.42,-26,33,15.71,49.293416666666666,-26.55436388888889
03:19:41.66,-10:08:46.00,6.83,3,19,41.66,-10,8,46.0,49.923583333333326,-10.14611111111111
03:28:35.51,-32:53:22.84,5.86,3,28,35.51,-32,53,22.84,52.147958333333335,-32.88967777777778
03:35:50.53,-15:47:44.50,5.87,3,35,50.53,-15,47,44.5,53.960541666666664,-15.795694444444445
03:41:41.86,-00:48:12.74,5.68,3,41,41.86,0,48,12.74,55.424416666666666,-0.8035388888888889
03:46:52.04,-16:28:36.88,5.99,3,46,52.04,-16,28,36.88,56.716833333333334,-16.47691111111111
03:53:49.73,+01:04:04.66,6.072,3,53,49.73,1,4,4.66,58.457208333333334,1.0679611111111111
04:02:12.69,+24:51:24.43,6.18,4,2,12.69,24,51,24.43,60.55287499999999,24.856786111111113
04:11:28.63,-09:07:49.80,6.81,4,11,28.63,-9,7,49.8,62.86929166666667,-9.1305
04:21:38.05,-26:57:15.61,6.14,4,21,38.05,-26,57,15.61,65.40854166666665,-26.95433611111111
04:22:01.00,-19:27:28.69,6.12,4,22,1.0,-19,27,28.69,65.50416666666666,-19.457969444444444
04:44:07.73,-04:33:33.07,5.89,4,44,7.73,-4,33,33.07,71.03220833333333,-4.559186111111111
04:45:48.18,-02:19:59.84,5.69,4,45,48.18,-2,19,59.84,71.45075,-2.3332888888888887
04:54:01.79,-44:48:31.10,6.09,4,54,1.79,-44,48,31.1,73.50745833333333,-44.808638888888886
05:03:44.56,-07:30:22.07,5.88,5,3,44.56,-7,30,22.07,75.93566666666666,-7.506130555555556
05:59:45.47,-15:35:00.20,6.05,5,59,45.47,-15,35,0.2,89.93945833333333,-15.583388888888889
07:06:26.39,+29:21:05.50,6.58,7,6,26.39,29,21,5.5,106.60995833333334,29.35152777777778
07:13:46.31,+08:55:32.65,5.92,7,13,46.31,8,55,32.65,108.44295833333334,8.92573611111111
08:03:05.42,+31:38:34.20,6.377000000000001,8,3,5.42,31,38,34.2,120.77258333333334,31.642833333333332
08:10:54.31,+51:05:40.10,5.82,8,10,54.31,51,5,40.1,122.72629166666667,51.09447222222222
08:18:27.40,+17:22:52.01,6.02,8,18,27.4,17,22,52.01,124.61416666666666,17.38111388888889
08:28:13.41,+26:33:55.49,6.05,8,28,13.41,26,33,55.49,127.05587499999999,26.56541388888889
08:29:07.62,+03:03:56.52,5.85,8,29,7.62,3,3,56.52,127.28174999999997,3.0656999999999996
08:29:31.97,+41:17:40.40,6.768,8,29,31.97,41,17,40.4,127.38320833333331,41.294555555555554
08:34:00.88,+02:11:46.90,6.15,8,34,0.88,2,11,46.9,128.50366666666667,2.196361111111111
08:36:43.86,+00:54:53.26,5.81,8,36,43.86,0,54,53.26,129.18275,0.9147944444444445
08:37:37.84,+49:29:00.40,6.71,8,37,37.84,49,29,0.4,129.40766666666667,49.483444444444444
08:39:46.88,+39:00:11.50,6.905,8,39,46.88,39,0,11.5,129.94533333333334,39.003194444444446
08:39:55.36,+00:15:54.21,5.84,8,39,55.36,0,15,54.21,129.98066666666665,0.26505833333333334
08:40:35.10,+56:24:20.22,5.8441,8,40,35.1,56,24,20.22,130.14625,56.40561666666667
08:41:19.52,+29:05:04.55,5.98,8,41,19.52,29,5,4.55,130.33133333333333,29.08459722222222
08:42:29.43,+12:18:50.58,6.069,8,42,29.43,12,18,50.58,130.62262499999997,12.31405
08:44:08.61,-01:32:16.50,6.18,8,44,8.61,-1,32,16.5,131.03587499999998,-1.5379166666666666
08:50:48.25,+32:46:47.94,5.87,8,50,48.25,32,46,47.94,132.70104166666667,32.779983333333334
08:58:13.51,+00:00:57.10,5.99,8,58,13.51,0,0,57.1,134.55629166666668,0.01586111111111111
08:59:07.19,+00:22:55.90,6.39,8,59,7.19,0,22,55.9,134.77995833333333,0.3821944444444444
09:01:32.65,+16:15:06.83,5.63,9,1,32.65,16,15,6.83,135.38604166666667,16.251897222222222
09:09:21.50,+04:40:42.90,6.15,9,9,21.5,4,40,42.9,137.33958333333334,4.678583333333334
09:10:13.63,+16:56:29.80,6.72,9,10,13.63,16,56,29.8,137.55679166666667,16.94161111111111
09:10:54.53,-04:14:06.80,6.63,9,10,54.53,-4,14,6.8,137.72720833333332,-4.235222222222222
09:18:33.17,+01:39:23.30,6.19,9,18,33.17,1,39,23.3,139.63820833333335,1.6564722222222221
09:21:20.56,+00:07:22.90,6.56,9,21,20.56,0,7,22.9,140.33566666666667,0.12302777777777778
09:23:47.12,+04:02:54.40,6.61,9,23,47.12,4,2,54.4,140.94633333333334,4.048444444444445
09:27:21.82,+20:01:23.64,5.7722,9,27,21.82,20,1,23.64,141.84091666666666,20.023233333333334
09:57:40.39,+00:53:33.60,6.05,9,57,40.39,0,53,33.6,149.41829166666665,0.8926666666666666
10:04:01.36,+02:39:30.70,6.41,10,4,1.36,2,39,30.7,151.00566666666668,2.6585277777777776
10:30:27.11,+05:24:55.06,6.308,10,30,27.11,5,24,55.06,157.61295833333335,5.415294444444445
10:31:37.69,-02:39:35.67,5.88,10,31,37.69,-2,39,35.67,157.9070416666667,-2.659908333333333
10:34:46.51,-14:25:15.96,6.07,10,34,46.51,-14,25,15.96,158.69379166666667,-14.4211
10:36:54.19,-02:32:37.94,6.38,10,36,54.19,-2,32,37.94,159.22579166666665,-2.5438722222222223
10:41:19.10,+20:08:23.30,6.23,10,41,19.10,20,08,23.30,160.3295833,20.1398056
10:44:33.04,-01:25:02.20,5.7847,10,44,33.04,-1,25,2.2,161.13766666666666,-1.4172777777777779
10:48:19.08,-01:09:40.40,6.6759,10,48,19.08,-1,9,40.4,162.07950000000002,-1.1612222222222222
10:48:45.07,+46:37:18.55,6.2284,10,48,45.07,46,37,18.55,162.1877916666667,46.62181944444445
10:59:28.61,-09:06:20.40,5.92,10,59,28.61,-9,6,20.4,164.86920833333332,-9.105666666666666
11:04:21.59,+21:34:28.80,6.74,11,4,21.59,21,34,28.8,166.08995833333333,21.574666666666666
11:09:53.43,+56:57:07.61,5.95,11,9,53.43,56,57,7.61,167.47262500000002,56.95211388888889
11:10:33.98,-13:29:45.60,6.507999999999999,11,10,33.98,-13,29,45.6,167.64158333333333,-13.495999999999999
11:20:01.48,+06:41:24.30,7.0842,11,20,1.48,6,41,24.3,170.00616666666667,6.690083333333334
11:28:42.48,+26:53:12.00,5.77,11,28,42.48,26,53,12.0,172.177,26.886666666666667
11:35:08.93,+50:11:33.00,6.58,11,35,8.93,50,11,33.0,173.78720833333335,50.192499999999995
11:37:17.73,+35:49:56.85,6.03,11,37,17.73,35,49,56.85,174.32387500000002,35.832458333333335
11:39:10.09,-12:17:04.38,5.81,11,39,10.09,-12,17,4.38,174.79204166666668,-12.28455
11:41:38.20,-20:15:55.65,5.69,11,41,38.2,-20,15,55.65,175.40916666666666,-20.265458333333335
11:43:38.35,+38:08:28.82,5.8,11,43,38.35,38,8,28.82,175.90979166666668,38.14133888888889
11:46:32.66,-01:54:38.30,6.16,11,46,32.66,-1,54,38.3,176.63608333333335,-1.9106388888888888
11:46:48.42,+01:24:20.10,6.27,11,46,48.42,1,24,20.1,176.70175000000003,1.4055833333333332
11:46:58.89,-00:05:37.70,6.3,11,46,58.89,0,5,37.7,176.745375,-0.09380555555555556
11:48:03.29,+07:02:08.29,6.32,11,48,3.29,7,2,8.29,177.01370833333334,7.035636111111111
11:48:16.21,+52:53:39.30,5.7,11,48,16.21,52,53,39.3,177.0675416666667,52.89425
11:48:16.65,+52:51:50.39,6.4189,11,48,16.65,52,51,50.39,177.06937500000004,52.863997222222224
11:48:33.18,+00:56:42.26,5.84,11,48,33.18,0,56,42.26,177.13825000000003,0.9450722222222222
11:52:21.27,+00:55:36.69,6.37,11,52,21.27,0,55,36.69,178.088625,0.9268583333333333
11:54:14.26,-12:11:17.48,5.83,11,54,14.26,-12,11,17.48,178.5594166666667,-12.18818888888889
12:02:46.37,-00:57:01.70,5.93,12,2,46.37,0,57,1.7,180.69320833333333,-0.9504722222222222
12:05:05.10,-00:00:27.97,6.85,12,5,5.1,0,0,27.97,181.27125,-0.007769444444444444
12:07:37.44,+06:30:10.24,6.04,12,7,37.44,6,30,10.24,181.906,6.502844444444444
12:07:54.14,-00:05:53.30,6.01,12,7,54.14,0,5,53.3,181.97558333333333,-0.09813888888888889
12:09:23.99,-00:06:46.50,5.86,12,9,23.99,0,6,46.5,182.34995833333335,-0.11291666666666667
12:12:26.98,+05:05:33.36,6.4386,12,12,26.98,5,5,33.36,183.11241666666666,5.0926
12:13:11.81,-12:46:03.45,5.86,12,13,11.81,-12,46,3.45,183.29920833333333,-12.767625
12:15:16.87,+00:23:24.66,5.93,12,15,16.87,0,23,24.66,183.82029166666666,0.3901833333333334
12:16:27.58,+45:19:10.70,6.654,12,16,27.58,45,19,10.7,184.11491666666666,45.31963888888889
12:17:21.34,+01:31:42.47,6.2,12,17,21.34,1,31,42.47,184.33891666666668,1.5284638888888888
12:19:05.34,+00:50:37.50,6.01,12,19,5.34,0,50,37.5,184.77224999999999,0.84375
12:28:25.15,-02:33:39.25,5.77,12,28,25.15,-2,33,39.25,187.10479166666667,-2.5609027777777778
12:29:13.21,+04:19:27.75,5.89,12,29,13.21,4,19,27.75,187.30504166666665,4.324375
12:43:40.81,+25:29:23.89,5.83,12,43,40.81,25,29,23.89,190.92004166666666,25.489969444444444
12:50:51.93,+31:30:21.90,6.15,12,50,51.93,31,30,21.9,192.716375,31.506083333333333
12:56:30.97,+25:32:51.45,5.91,12,56,30.97,25,32,51.45,194.12904166666667,25.547625
12:57:57.48,+63:49:37.16,6.02,12,57,57.48,63,49,37.16,194.4895,63.82698888888889
13:06:08.27,+03:56:26.36,6.016,13,6,8.27,3,56,26.36,196.5344583333333,3.940655555555556
13:10:52.75,+25:32:06.68,5.84,13,10,52.75,25,32,6.68,197.71979166666665,25.53518888888889
13:16:08.14,+10:28:32.80,6.35,13,16,8.14,10,28,32.8,199.03391666666667,10.475777777777777
13:19:11.30,+09:50:51.52,6.132999999999999,13,19,11.3,9,50,51.52,199.79708333333335,9.847644444444445
13:27:41.32,+57:32:38.37,5.74,13,27,41.32,57,32,38.37,201.92216666666664,57.54399166666666
13:35:50.81,+35:33:15.82,5.9012,13,35,50.81,35,33,15.82,203.96170833333335,35.55439444444444
13:42:08.10,+09:28:38.61,7.54,13,42,8.1,9,28,38.61,205.53375,9.477391666666668
13:56:49.41,-26:42:30.23,5.72,13,56,49.41,-26,42,30.23,209.20587500000002,-26.70839722222222
14:00:28.79,-00:11:51.50,6.04,14,0,28.79,0,11,51.5,210.11995833333333,-0.19763888888888886
14:00:29.99,-01:25:21.00,6.04,14,0,29.99,-1,25,21.0,210.12495833333335,-1.4225
14:01:47.34,+27:49:35.03,6.14,14,1,47.34,27,49,35.03,210.44725,27.826397222222223
14:02:54.67,+40:24:03.19,6.04,14,2,54.67,40,24,3.19,210.72779166666666,40.40088611111111
14:03:19.13,+09:02:50.99,5.88,14,3,19.13,9,2,50.99,210.82970833333334,9.047497222222223
14:03:29.33,-12:00:34.14,5.84,14,3,29.33,-12,0,34.14,210.87220833333333,-12.009483333333334
14:06:29.12,-01:16:11.20,6.33,14,6,29.12,-1,16,11.2,211.62133333333333,-1.2697777777777777
14:06:46.88,-01:44:02.60,6.1,14,6,46.88,-1,44,2.6,211.69533333333334,-1.7340555555555557
14:09:11.38,-15:59:11.66,5.83,14,9,11.38,-15,59,11.66,212.2974166666667,-15.986572222222222
14:11:11.29,+12:17:37.28,5.904,14,11,11.29,12,17,37.28,212.79704166666667,12.293688888888889
14:13:27.12,-22:33:42.25,5.92,14,13,27.12,-22,33,42.25,213.363,-22.561736111111113
14:14:55.90,-13:28:49.28,5.78,14,14,55.9,-13,28,49.28,213.73291666666665,-13.480355555555557
14:16:53.01,+01:47:02.20,6.07,14,16,53.01,1,47,2.2,214.220875,1.7839444444444443
14:20:36.34,-16:02:30.25,5.73,14,20,36.34,-16,2,30.25,215.15141666666668,-16.041736111111113
14:22:00.23,+00:11:03.00,5.89,14,22,0.23,0,11,3.0,215.50095833333333,0.18416666666666665
14:25:16.33,+32:54:09.54,5.8918,14,25,16.33,32,54,9.54,216.31804166666666,32.90265
14:27:38.59,+33:12:42.00,6.12,14,27,38.59,33,12,42.0,216.91079166666665,33.211666666666666
14:28:21.39,-16:02:43.30,6.11,14,28,21.39,-16,2,43.3,217.089125,-16.045361111111113
14:29:52.17,+54:47:17.70,6.1831,14,29,52.17,54,47,17.7,217.46737499999998,54.78825
14:31:40.45,-07:24:43.47,6.14,14,31,40.45,-7,24,43.47,217.9185416666667,-7.412075000000001
14:36:11.74,+50:07:07.16,5.85,14,36,11.74,50,7,7.16,219.04891666666666,50.118655555555556
15:09:41.78,-17:49:26.80,6.121,15,9,41.78,-17,49,26.8,227.42408333333333,-17.82411111111111
15:14:44.91,+21:14:19.78,5.92,15,14,44.91,21,14,19.78,228.68712499999998,21.23882777777778
15:26:37.82,-20:50:00.60,6.5864,15,26,37.82,-20,50,0.6,231.65758333333335,-20.833499999999997
15:35:32.87,+19:43:20.10,6.4,15,35,32.87,19,43,20.1,233.88695833333335,19.72225
15:43:46.82,+17:00:28.46,5.82,15,43,46.82,17,0,28.46,235.94508333333332,17.007905555555556
15:45:05.62,+42:32:11.60,6.5,15,45,5.62,42,32,11.6,236.27341666666666,42.53655555555555
15:45:09.90,+16:36:31.91,5.82,15,45,9.9,16,36,31.91,236.29125000000002,16.60886388888889
15:45:52.09,+60:28:23.95,5.78,15,45,52.09,60,28,23.95,236.46704166666666,60.47331944444445
15:50:00.93,+43:18:02.80,5.84,15,50,0.93,43,18,2.8,237.503875,43.300777777777775
15:55:24.25,-06:53:51.59,5.81,15,55,24.25,-6,53,51.59,238.85104166666667,-6.897663888888888
15:58:50.99,-07:24:09.59,6.11,15,58,50.99,-7,24,9.59,239.71245833333336,-7.402663888888889
16:02:53.98,+42:28:24.94,6.09,16,2,53.98,42,28,24.94,240.72491666666667,42.473594444444444
16:03:49.07,+55:10:32.30,6.04,16,3,49.07,55,10,32.3,240.95445833333332,55.175638888888884
16:09:37.27,+30:41:47.78,6.14,16,9,37.27,30,41,47.78,242.40529166666667,30.696605555555557
16:09:45.53,-12:58:54.11,5.83,16,9,45.53,-12,58,54.11,242.43970833333327,-12.981697222222222
16:20:15.28,-00:11:52.30,5.68,16,20,15.28,0,11,52.3,245.06366666666668,-0.1978611111111111
16:21:00.92,+51:55:48.79,5.71,16,21,0.92,51,55,48.79,245.25383333333335,51.93021944444444
16:23:31.81,+31:12:00.53,6.26,16,23,31.81,31,12,0.53,245.88254166666667,31.20014722222222
16:29:11.29,+24:07:39.60,6.476,16,29,11.29,24,7,39.6,247.29704166666667,24.127666666666666
16:30:33.90,+40:12:09.69,6.065,16,30,33.9,40,12,9.69,247.64125,40.20269166666667
16:41:21.73,+37:55:20.15,6.047000000000001,16,41,21.73,37,55,20.15,250.34054166666667,37.922263888888885
17:24:08.74,+19:01:42.96,6.44,17,24,8.74,19,1,42.96,261.03641666666664,19.028599999999997
17:48:00.51,+22:46:52.36,5.95,17,48,0.51,22,46,52.36,267.00212500000004,22.78121111111111
19:32:07.62,+71:39:08.41,6.08,19,32,7.62,71,39,8.41,293.03175,71.65233611111111
20:32:09.99,-21:14:02.31,6.24,20,32,9.99,-21,14,2.31,308.041625,-21.233975
20:33:55.91,-27:38:54.60,5.8,20,33,55.91,-27,38,54.6,308.4829583333334,-27.6485
20:53:21.77,+00:47:06.80,5.92,20,53,21.77,0,47,6.8,313.34070833333334,0.7852222222222223
20:54:06.49,-00:05:14.80,6.0391,20,54,6.49,0,5,14.8,313.5270416666666,-0.08744444444444444
21:00:54.62,-17:15:22.50,6.087000000000001,21,0,54.62,-17,15,22.5,315.2275833333333,-17.25625
21:02:19.22,-14:58:54.00,6.648,21,2,19.22,-14,58,54.0,315.5800833333334,-14.981666666666667
21:18:24.97,-10:55:57.43,5.9,21,18,24.97,-10,55,57.43,319.6040416666667,-10.932619444444445
21:23:28.88,-24:21:37.44,5.73,21,23,28.88,-24,21,37.44,320.87033333333335,-24.360400000000002
21:31:10.29,-43:59:02.50,6.45,21,31,10.29,-43,59,2.5,322.792875,-43.984027777777776
21:32:33.17,+12:17:54.96,6.5881,21,32,33.17,12,17,54.96,323.1382083333334,12.2986
21:47:55.41,+01:07:55.30,5.81,21,47,55.41,1,7,55.3,326.980875,1.1320277777777779
21:54:56.16,-09:30:27.46,5.92,21,54,56.16,-9,30,27.46,328.734,-9.507627777777778
22:04:17.92,+01:11:44.80,5.94,22,4,17.92,1,11,44.8,331.07466666666664,1.1957777777777778
22:10:27.24,+03:04:28.50,6.9,22,10,27.24,3,4,28.5,332.6135,3.0745833333333334
22:11:00.60,-63:20:55.80,6.88,22,11,0.6,-63,20,55.8,332.7525,-63.34883333333334
22:11:12.41,-32:06:12.96,6.32,22,11,12.41,-32,6,12.96,332.8017083333333,-32.1036
22:15:56.63,+26:06:29.41,6.03,22,15,56.63,26,6,29.41,333.9859583333334,26.108169444444446
22:16:44.47,-00:16:50.10,6.1,22,16,44.47,0,16,50.1,334.18529166666667,-0.28058333333333335
22:19:17.22,+01:02:48.90,6.16,22,19,17.22,1,2,48.9,334.82174999999995,1.0469166666666667
22:20:18.49,-01:01:46.89,5.62,22,20,18.49,-1,1,46.89,335.0770416666666,-1.0296916666666667
22:23:09.51,+03:26:20.30,6.05,22,23,9.51,3,26,20.3,335.789625,3.4389722222222225
22:28:27.83,+01:28:09.50,6.01,22,28,27.83,1,28,9.5,337.1159583333333,1.4693055555555556
22:28:43.54,+01:10:32.20,5.95,22,28,43.54,1,10,32.2,337.1814166666666,1.1756111111111112
22:29:01.65,+14:57:09.00,6.1517,22,29,1.65,14,57,9.0,337.25687500000004,14.952499999999999
22:31:48.89,-00:35:47.50,5.87,22,31,48.89,0,35,47.5,337.95370833333334,-0.5965277777777778
22:32:12.03,+00:12:38.40,6.18,22,32,12.03,0,12,38.4,338.05012500000004,0.21066666666666667
22:32:55.14,+29:30:32.31,6.6579999999999995,22,32,55.14,29,30,32.31,338.22975,29.508975
22:36:44.58,+00:32:56.90,6.4,22,36,44.58,0,32,56.9,339.18575,0.5491388888888888
22:40:49.00,-18:39:43.81,6.01,22,40,49.0,-18,39,43.81,340.20416666666665,-18.662169444444444
22:42:37.55,+03:34:21.60,5.88,22,42,37.55,3,34,21.6,340.6564583333333,3.572666666666666
22:52:05.44,+02:25:31.90,6.12,22,52,5.44,2,25,31.9,343.0226666666667,2.4255277777777775
22:55:38.04,+02:51:26.60,6.34,22,55,38.04,2,51,26.6,343.9085,2.857388888888889
23:04:22.97,+00:45:05.40,6.36,23,4,22.97,0,45,5.4,346.09570833333333,0.7515
23:07:35.35,+00:31:49.40,5.87,23,7,35.35,0,31,49.4,346.8972916666667,0.5303888888888889
23:10:38.89,+18:55:19.93,6.0031,23,10,38.89,18,55,19.93,347.66204166666665,18.92220277777778
23:15:46.57,-00:23:58.10,6.12,23,15,46.57,0,23,58.1,348.94404166666664,-0.39947222222222223
23:18:02.80,-02:46:34.00,6.05,23,18,2.8,-2,46,34.0,349.51166666666666,-2.776111111111111
23:25:14.24,+26:28:47.83,5.77,23,25,14.24,26,28,47.83,351.30933333333337,26.479952777777775
23:29:08.28,-03:01:58.80,6.417000000000001,23,29,8.28,-3,1,58.8,352.28450000000004,-3.033
23:29:14.46,-04:03:24.10,5.9,23,29,14.46,-4,3,24.1,352.31025,-4.056694444444444
23:48:33.34,-30:54:10.24,6.9018,23,48,33.34,-30,54,10.24,357.13891666666666,-30.902844444444444
23:51:18.96,+06:24:06.92,5.81,23,51,18.96,6,24,6.92,357.829,6.401922222222223
23:56:32.45,-06:22:59.26,6.15,23,56,32.45,-6,22,59.26,359.1352083333333,-6.383127777777777
23:56:51.58,+00:23:33.30,6.0,23,56,51.58,0,23,33.3,359.2149166666666,0.39258333333333334