ra,dec,W1mag,W2mag,W3mag,PS1zmag,PS1ymag,Jmag
222.61696668686025,-7.1861367174068205,16.453,15.633,12.858,25.6807994842529,23.9545993804932,19.8295
220.86872373712995,-6.820093548539704,15.828,15.38,12.71,22.5625991821289,21.0223007202148,19.3157
184.4417519352999,-4.583902633478352,17.045,15.841,12.505,23.5436992645264,21.1457004547119,18.9712
190.4173307300047,-4.396750981253583,16.602,15.981,12.001,22.9470996856689,21.3850002288818,18.8314
209.320277095636,-4.934011012713512,17.446,17.058,12.83,23.2752990722656,21.4965000152588,19.2694
162.99101323736,-5.434918059052798,17.366,16.732,12.758,22.7229995727539,21.1772003173828,19.1605
166.5271896104019,-8.302915691958558,16.842,16.122,12.573,22.5053997039795,20.7985992431641,18.3318
167.63321004200546,-9.66977063945415,16.786,15.803,12.531,22.0790996551514,20.453800201416,18.0863
168.5110189587058,-7.302229462081972,17.427,16.394,12.625,22.4030990600586,20.8668994903564,18.3036
175.8773967132061,-5.178950765296335,17.471,16.573,12.65,23.1025009155273,21.3521003723145,19.3909
171.60286891231607,-6.624135341923117,16.897,15.775,12.666,22.2318000793457,20.4122009277344,17.8587
176.43644055465174,-8.8132489375498,16.681,16.328,12.107,23.2143001556396,21.4944000244141,19.368
177.93390672839644,-5.121994876222766,17.458,16.61,12.489,22.7194995880127,20.7229995727539,19.159
178.07516705976985,-6.404145737579507,17.072,16.731,12.4,22.986400604248,21.4185009002686,19.6796
173.64668976812067,-6.670280650487287,17.39,16.818,12.567,22.9654006958008,21.2691993713379,19.2915
174.6416212129022,-5.467237869852573,17.301,16.976,12.546,22.6333999633789,20.8581008911133,19.2589
170.89962338659174,-8.405367900335827,17.319,16.444,12.386,23.7234001159668,20.7040004730225,18.4993
187.60416575968898,-6.265627112854841,17.056,16.39,12.53,22.6056995391846,20.9365005493164,18.9146
185.65587718476226,-9.94237049957398,17.229,16.257,12.176,27.7441997528076,24.94580078125,18.3709
181.1937381529972,-9.375939707753675,16.813,15.885,11.403,22.3372993469238,20.4230003356934,19.4662
199.8825318595702,-9.959895332446877,17.632,16.74,12.723,23.8363990783691,21.4871006011963,20.164
191.023550946309,-7.697987955437401,16.734,16.312,12.489,22.9860000610352,21.252799987793,18.8964
190.82601724921244,-6.069525046747164,17.558,16.499,12.542,22.9314002990723,21.2373008728027,19.2649
196.27844134650127,-6.866057013957406,17.416,16.884,12.761,23.4134998321533,21.698600769043,19.6701
208.20507677715582,-9.372948002379129,17.631,16.755,12.165,22.619499206543,21.0450992584229,19.3829
203.8646891357689,-5.847752946611838,17.85,16.699,12.678,23.1364994049072,21.1828994750977,18.8788
203.38858351868853,-6.899573519376308,17.005,16.547,12.243,22.9671001434326,20.9263000488281,18.6868
204.81630271172406,-8.850259006789402,16.674,15.602,12.062,21.970100402832,20.2640991210938,17.8255
200.68825926875564,-9.926840012327652,17.201,16.804,12.799,23.0072994232178,21.2446002960205,19.8955
207.74499419679057,-9.503263700658211,17.47,16.661,12.49,23.4368000030518,21.5347995758057,19.538
214.85540463634553,-6.377252284410421,17.717,16.996,12.704,23.2392997741699,21.3258991241455,19.4842
215.67174046549485,-7.711715936642732,17.494,17.138,12.564,24.0958995819092,21.4925994873047,19.6329
217.35243642838282,-8.044186529888739,17.818,17.06,12.765,22.7754001617432,21.2236995697021,19.0806
217.04397939379385,-7.556853455762801,17.042,16.579,12.744,23.5291996002197,21.4815998077393,19.7878
213.8132187883416,-5.991636146101373,17.531,16.95,12.665,22.9535007476807,21.3118000030518,19.1384
218.25217189670568,-7.191302577664709,16.347,15.577,12.404,24.3752994537354,21.8031997680664,20.0987
219.99293735142257,-5.472696886524234,16.856,15.887,12.768,22.1550998687744,20.3936004638672,18.4798
150.4116946273334,-0.6709697664149961,17.55,16.865,12.474,25.0921993255615,20.8931999206543,19.7024
156.4132228855337,-0.6076042911810757,17.018,16.567,11.93,23.540599822998,21.4006996154785,20.1915
157.23314209872214,-6.5409368018449845,16.846,16.3,12.25,23.0037002563477,20.7525005340576,18.5214
151.05945014970825,-8.520114568298013,16.881,16.327,12.101,24.6361999511719,21.2427997589111,19.5261
156.42548474696565,-8.6070486125642,17.413,16.362,12.545,22.3493003845215,20.7849006652832,18.7975
146.61056603882335,-4.919069089335895,16.89,16.36,12.561,22.5622997283936,20.7119007110596,18.988
146.93925591330583,-3.1652474192208206,17.518,16.439,12.422,22.7336006164551,21.2138004302979,19.8145
141.43263767646516,-4.874354360127654,15.905,15.153,12.533,23.1802005767822,21.1833992004395,19.2821
141.2324205759804,-3.187239588172335,17.142,16.674,11.891,22.952299118042,21.2457008361816,19.7064
147.99642561631697,-3.1144528846935864,17.665,17.192,12.56,23.7411994934082,21.2080993652344,20.5732
148.76872870199702,-2.301165832405637,16.353,16.037,12.326,23.5221004486084,20.9244995117188,18.9938
145.6690486333968,-8.877362564838908,16.675,15.973,12.456,23.8292999267578,22.31369972229,17.6188
140.5817427610779,-8.811076654870352,17.32,16.825,12.656,23.0223999023438,20.9556007385254,19.9434
144.43670232727416,-7.523369831538644,16.805,15.687,12.311,24.982400894165,20.9706993103027,18.4797
227.37903945844792,-3.583631868137051,17.216,16.454,12.742,24.0100002288818,21.4321002960205,20.4024
227.39793931346054,-4.252016557434988,17.599,16.5,12.727,22.6175994873047,21.1025009155273,19.3852
137.5169082897602,-3.0228821266443737,16.969,16.175,12.315,24.021900177002,21.0375995635986,19.7685
137.2224228558931,-2.803778982126619,17.692,16.943,12.825,26.2205009460449,24.7178993225098,20.4284
137.7272184794446,-4.235208832649355,16.793,15.86,12.314,24.7154006958008,20.7824993133545,19.3128
133.85914688025426,-4.799598946114247,17.174,16.214,12.538,23.2196006774902,21.0856990814209,18.7214
135.70108604880622,-0.7491166373582232,17.542,16.798,12.302,22.1949996948242,20.6408004760742,19.2085
130.1729519530506,-4.933440576250976,17.538,16.912,12.602,22.157600402832,20.4790000915527,18.6093
130.124809211753,-3.2292163016213125,16.55,15.112,12.297,21.8232002258301,19.9370994567871,17.0624
131.04911668594266,-2.964560831619985,17.6,16.729,12.406,23.8208999633789,21.5077991485596,19.7472
132.51915224550385,-4.270364734595839,17.318,16.775,12.376,23.0949001312256,21.2807998657227,18.8239
137.26306846404233,-8.926329475907375,17.748,16.744,12.132,26.421199798584,23.4803009033203,18.6292
133.07637695823755,-8.86852721347917,17.578,16.863,12.157,24.1308994293213,21.7057991027832,20.3323
133.20759788351845,-6.911737586606605,16.117,15.163,12.333,21.8605003356934,19.9958000183105,17.6633
134.24669394768782,-5.775780525203453,16.877,16.298,12.664,23.7693996429443,21.471700668335,19.1574
136.50055490101263,-5.583509422584163,17.616,17.273,12.551,23.2045001983643,21.1930999755859,19.3252
177.71140068863497,15.24780104032893,17.587,16.692,12.052,22.8173999786377,21.1802997589111,19.794
177.3131799077674,15.545384260923482,17.396,16.867,12.576,23.5897006988525,21.326000213623,19.375
199.2762182982579,23.52663529736267,16.598,16.079,12.246,23.5452995300293,20.7642002105713,19.326
193.66454203298585,22.917233262400977,16.352,16.007,12.247,22.6194000244141,21.0837993621826,18.826
192.9954273978446,24.89465773337017,16.378,16.021,12.24,24.8955993652344,21.3575000762939,19.05
175.54422869518717,13.388467757610721,16.436,15.453,12.397,21.7129001617432,20.1257991790771,17.664
176.07852628301367,12.978526869672832,17.289,16.544,12.371,22.9209003448486,21.2362003326416,19.438
178.7128051919297,14.105200308341114,17.101,16.617,12.596,23.1291999816895,21.4754009246826,20.069
179.53387294299353,14.303762728750366,16.627,16.194,12.369,22.781099319458,21.0631999969482,19.423
187.796112976068,10.90598715228399,17.58,16.745,12.573,22.9192008972168,21.1853008270264,19.125
188.82806098556298,11.540119997176724,17.494,17.157,11.083,23.4204998016357,21.4204998016357,19.481
182.88023400730302,14.812880858265116,15.841,15.189,12.607,22.5088996887207,20.8612003326416,18.998
188.96593962304047,14.69194520135021,16.728,16.226,12.308,25.7863998413086,20.917200088501,18.829
199.0339359597457,10.475767594119677,16.751,15.604,12.716,22.4195003509521,20.6951999664307,19.941
199.12823649609908,10.559683584397316,17.646,16.467,12.725,22.5708999633789,20.8370990753174,18.226
197.74543842881712,10.528734216834472,17.615,16.14,12.521,23.9540996551514,21.0429000854492,18.273
197.10785512577192,10.857365060188775,17.536,16.977,12.642,23.983699798584,20.9270992279053,19.315
195.88995756910586,11.282240609056766,16.877,16.361,12.17,22.1485004425049,20.4974002838135,18.269
197.25617095477432,13.039429069651808,15.995,15.156,12.403,22.3738994598389,20.7926998138428,18.418
191.05403053427528,12.533702105138955,17.21,16.651,12.723,21.9689998626709,20.4309005737305,17.642
193.6931694484861,12.37106337735588,17.413,16.2,11.918,22.6989994049072,20.7908000946045,18.295
192.1411965317784,14.642508670529965,17.605,16.627,12.715,22.199499130249,20.2103996276855,18.528
209.45383512882572,13.076941393235225,17.809,16.49,12.738,22.9365005493164,20.8208999633789,18.674
201.52171498046113,12.002663220448323,16.726,15.363,12.677,22.2017002105713,20.2805995941162,17.494
207.03293681058554,12.012383973002882,17.75,17.373,12.763,22.9719009399414,21.4186000823975,19.599
216.41959587817243,10.440924704616918,17.629,16.991,12.905,23.0531997680664,21.1142997741699,19.608
212.81499354049723,10.98703362124033,17.781,16.816,12.96,23.1781997680664,20.6732006072998,18.342
218.24361799661972,13.295036519208145,18.097,17.187,12.956,22.6443996429443,20.7963008880615,19.326
219.27108731034627,13.335801186177651,17.943,16.949,12.878,22.6821002960205,21.1021995544434,19.279
160.95901700195972,8.733542607684848,17.372,16.762,12.502,23.1051998138428,21.2649002075195,19.653
173.61304286504947,5.396053508183717,16.405,15.703,12.445,23.0186996459961,20.7094993591309,18.356
173.19308325332742,7.083153066447444,17.448,16.518,12.564,23.4241008758545,21.5487003326416,20.2
173.53317563371272,7.305774963948824,16.713,15.771,12.497,23.4820003509521,21.4748001098633,20.051
171.4700223067984,8.448364882558334,17.351,16.593,12.386,22.8038005828857,21.2080001831055,19.159
170.53732842197388,9.71538542505274,17.281,16.561,11.839,22.4463996887207,20.8733005523682,19.078
183.48094816823212,5.587824012107413,16.887,16.306,12.514,22.2091999053955,20.399299621582,17.882
187.31458511495902,6.929796852564446,17.566,16.807,12.154,23.2313003540039,21.5951995849609,19.926
183.44418254122152,6.856013023571526,17.679,17.289,12.368,23.8236999511719,21.6814002990723,19.319
183.4952793245391,7.954221436577502,17.496,16.44,12.557,22.7602996826172,21.2203998565674,19.682
185.17794190995883,9.438567529338055,17.398,16.594,12.201,23.6383991241455,20.7155990600586,18.345
195.37406981998075,6.1910273255512,17.005,16.599,12.579,22.9496994018555,21.0629997253418,19.62
192.1395790552701,5.4688136431963645,16.472,15.878,12.131,24.6571006774902,21.6760997772217,19.641
192.57878899736576,5.559628170261781,17.611,17.092,12.369,22.7910003662109,21.0734996795654,19.391
206.88531591689048,6.872091255738795,17.566,16.693,12.602,22.9778003692627,21.4580993652344,19.829
217.00116303134982,7.66764301869094,16.934,16.37,12.226,25.0881004333496,23.1266994476318,20.363
217.68909710728028,9.620026206913504,17.648,16.745,13.007,24.3204002380371,22.7304000854492,19.971
214.53854501104885,5.418176260024812,17.188,16.815,12.607,23.4501991271973,20.9946002960205,19.073
216.1017853781679,6.6919215968762815,17.185,15.707,12.561,22.2203998565674,20.5499000549316,17.848
211.67717514407525,7.8675468486434,17.822,17.098,12.978,22.3124008178711,20.7565002441406,18.89
212.23023135776302,9.83054968967529,17.804,17.457,12.863,22.8304996490479,21.1630992889404,20.055
206.67096841707223,15.313934948068809,17.698,17.251,12.578,22.5011005401611,20.9643001556396,19.273
208.67243223846143,23.12086691333998,17.123,16.408,12.82,23.0886001586914,21.3960990905762,19.835
205.51815487932737,23.217745523630438,17.835,17.043,12.985,22.9979000091553,21.3822994232178,18.913
206.91143904027047,22.94415157060835,17.248,16.748,12.554,22.6217002868652,20.646900177002,18.157
169.1891150433571,1.941574056667775,17.486,16.537,12.5,22.863000869751,21.1044006347656,19.814
176.26247775195154,1.3249455449346705,17.429,16.967,12.212,22.8831996917725,21.1928005218506,19.562
172.10859511810588,4.7909791552888175,17.242,16.641,12.341,23.9270000457764,21.1947994232178,20.192
179.16951363257098,4.345512324491582,17.373,16.634,12.478,24.0837001800537,21.395299911499,19.188
183.30917485318824,3.1182917906677954,17.444,16.926,11.985,22.9381008148193,21.3848991394043,19.74
184.40524173287963,0.2794478097209921,17.393,16.731,11.94,23.8451995849609,21.636100769043,19.003
196.22615175060272,0.8013086846559084,17.52,16.735,12.545,23.5028991699219,21.5606002807617,19.522
208.90319368213912,4.849590341593962,17.681,16.702,12.838,22.8679008483887,21.0886001586914,19.142
200.2155099179359,1.7891019925284073,17.32,16.828,12.345,23.1280002593994,21.2786998748779,19.128
200.9926693345882,0.10871578952495624,17.695,17.062,12.823,23.6427993774414,21.3834991455078,19.716
212.38210975035483,0.10150395963834867,17.194,16.64,12.744,22.8351993560791,21.1972007751465,19.892
213.8584936851106,3.8553393614239666,17.249,16.855,13.041,23.5056991577148,21.4452991485596,20.311
218.87371781410533,0.6764769475907346,17.546,16.874,12.252,23.0571994781494,20.8187007904053,18.815
218.49558921348046,1.532419929018994,17.614,16.857,12.534,23.2658996582031,21.5853996276855,19.854
199.36943317892096,29.275758691456442,17.736,16.866,12.136,22.8353996276855,20.9269008636475,19.527
190.52200910528748,28.683246999832473,17.776,17.017,12.792,26.8759994506836,20.8083992004395,19.601
191.11019457833814,26.932380973852368,16.96,15.663,12.633,21.9554004669189,20.0347003936768,17.396
197.32235739310664,29.79009690001561,16.903,16.103,12.276,22.3474998474121,20.7602996826172,18.509
200.5291151254552,29.751801176235443,17.781,16.894,12.618,22.43630027771,20.9249000549316,19.568
201.12816942791076,27.999839035441504,17.685,17.309,12.618,23.0678997039795,21.1707000732422,19.693
207.13717005432062,25.550614889917455,17.211,16.52,12.959,23.6194000244141,21.2441997528076,19.538
162.0795171780625,-1.1612314931494376,17.344,17.011,12.521,23.5149993896484,21.0006008148193,19.715
171.58677292466177,-1.1455329402480348,17.066,16.524,12.522,22.9260997772217,21.395299911499,19.027
215.80379396827377,-1.3250995294075163,17.309,16.348,12.284,23.1634006500244,21.4500999450684,18.876
213.88415113222203,-1.220628794830891,17.633,16.978,12.863,22.8043994903564,21.1324996948242,18.927
220.03030233863294,12.246834410048088,17.645,17.305,12.916,23.3299999237061,21.3777008056641,19.716
227.59300953394427,9.493389398225403,16.508,15.698,12.285,23.1718006134033,21.5328006744385,19.605
229.93351640787265,9.167578312319588,17.42,17.115,12.806,23.3061008453369,21.2049007415771,19.214
226.0092960197344,9.552163774173273,17.25,16.327,12.847,23.1417999267578,21.3367004394531,19.944
224.88100784549087,1.6946967465722418,16.919,15.989,12.456,23.1515007019043,21.3369998931885,19.172
157.14872674170144,13.856734675145185,16.836,16.29,12.171,23.290599822998,21.4680004119873,19.39
157.85108310225075,12.011392724528651,17.272,16.384,12.294,22.4536991119385,20.8880004882813,19.134
157.14653270569445,11.758182959714846,17.591,16.592,12.188,22.8726997375488,21.2632007598877,19.662
158.50159510033336,14.526668923989142,17.274,16.338,12.198,23.226900100708,21.2362995147705,19.38
159.76316049775886,13.662405453881481,15.94,15.579,11.781,22.1681003570557,20.6597003936768,18.657
155.14961693082242,12.030673639923293,17.762,16.633,12.178,23.2390995025635,21.4066009521484,19.993
151.12092604111822,8.152599429974279,16.576,15.97,12.713,23.179500579834,21.3020992279053,19.191
152.047431092428,6.4607233376797355,16.969,15.914,12.572,22.3868999481201,20.8285999298096,18.707
155.43674873426102,5.746180547234417,16.726,15.699,11.583,22.4563999176025,20.5771999359131,17.755
154.727153206233,2.9981453633482213,16.585,15.361,11.785,21.8227005004883,20.086799621582,17.803
155.04789224559917,0.5748035918551955,17.606,16.376,12.416,22.1588001251221,20.4423007965088,19.083
156.07070051804257,3.8482711751782555,17.408,16.339,11.737,23.6515998840332,21.1746997833252,17.975
150.4116946273334,-0.6709697664149961,17.55,16.865,12.474,25.0921993255615,20.8931999206543,19.875
145.633747994607,10.960186974742198,17.351,16.987,11.921,22.4447002410889,20.777099609375,19.391
142.98157541919713,10.704369932100665,17.264,16.578,12.482,22.8150997161865,20.807300567627,19.339
144.6070889079227,10.568904840676712,17.421,17.028,12.688,22.699800491333,21.1527004241943,19.204
144.34010806315354,10.071939410094775,17.203,16.777,12.275,22.3644008636475,20.7147006988525,19.003
142.87083052080067,7.197508476169085,16.456,16.003,12.51,24.2469997406006,21.2206001281738,19.362
143.70626278647362,9.781668294254489,16.445,15.614,12.146,23.2959003448486,21.4013004302979,19.283
148.37522993535157,8.150940283023425,17.72,17.373,12.521,23.5279998779297,21.5790996551514,19.91
144.05468020008274,8.291323482130581,17.268,16.94,12.213,25.9200000762939,20.9715995788574,18.839
145.62286602101372,2.558974610306006,16.785,15.721,12.337,21.6788005828857,20.0072994232178,17.456
140.9463415543795,4.048447868302498,16.36,15.861,11.955,24.2210006713867,20.2439002990723,19.35
141.2324205759804,-3.187239588172335,17.142,16.674,11.891,22.952299118042,21.2457008361816,19.997
148.76872870199702,-2.301165832405637,16.353,16.037,12.326,23.5221004486084,20.9244995117188,18.843
133.61697315499637,29.142404466280645,17.297,16.756,12.074,23.451099395752,21.5599994659424,20.179
132.48804303420553,27.46758273506026,17.605,16.407,12.362,23.8216991424561,21.4580993652344,19.468
132.57902927866127,27.341270020250512,16.673,15.922,12.164,23.6488990783691,21.5321006774902,19.616
132.08529701335704,26.59202413330138,16.838,16.345,11.918,25.2854995727539,20.7194004058838,18.77
138.6767715177996,6.811894946764814,17.045,16.541,12.489,24.3750991821289,22.5930995941162,20.076
135.834111294294,8.358679104045551,17.048,16.133,11.886,23.238899230957,20.6457004547119,20.323
135.36034515394425,6.062029054206201,16.614,15.652,12.209,25.1009998321533,22.2378005981445,19.258
136.18927975184906,9.056802551986053,17.176,16.582,11.92,23.104700088501,21.0438003540039,19.067
136.52378514103768,5.6278808999776455,15.814,15.259,12.5,23.1378993988037,21.3582992553711,19.003
133.4287686210349,0.11473447324664285,17.429,16.073,12.495,23.3008003234863,21.0590991973877,18.658
138.1408661178064,1.8632132599196023,17.327,16.598,12.585,22.7091007232666,20.9619007110596,19.154
139.72522763989014,3.3634094560948213,17.333,16.411,12.177,22.9836006164551,20.7779998779297,18.268
135.56639528390352,3.8342437950230317,15.972,15.508,12.399,21.8386993408203,20.3020000457764,18.165
135.8447082630003,2.2093383398827795,17.515,17.101,12.663,26.596399307251,22.4841995239258,19.077
130.25093337837893,3.175167226282462,17.284,16.269,12.241,23.2341995239258,21.3183994293213,19.218
137.5169082897602,-3.0228821266443737,16.969,16.175,12.315,24.021900177002,21.0375995635986,19.665
132.82930265717937,-0.2832659061302944,17.546,16.967,12.581,23.2171001434326,21.4466991424561,19.834
160.3295833,20.1398056,17.11,16.515,12.5,21.07,20.67,19.42